Nguyen Van Z	BKDN
Nguyen Van H	KHH
Nguyen Van K	DHVinh
Nguyen Van Q	PVD
Nguyen Van J	DHQuyNhon
Nguyen Van F	BKDN
Nguyen Van S	KHH
Nguyen Van L	DHVinh
Nguyen Van M	PVD
Nguyen Van N	DHQuyNhon
